{
    "UV": {
        "type_id": "opencv-matrix",
        "rows": 2,
        "cols": 81,
        "dt": "f",
        "data": [ 6.48024368e+01, 6.47655869e+01, 6.47100754e+01,
            6.73014832e+01, 6.36893387e+01, 6.33668060e+01,
            6.67379608e+01, 6.73295364e+01, 6.63127289e+01,
            1.15007263e+02, 1.15402084e+02, 1.15087112e+02,
            1.11515602e+02, 1.15136375e+02, 1.13597176e+02,
            1.14728210e+02, 1.12936607e+02, 1.11553276e+02,
            1.58514374e+02, 1.61149826e+02, 1.61098633e+02,
            1.59312317e+02, 1.58981003e+02, 1.59486633e+02,
            1.58970718e+02, 1.60433640e+02, 1.59138840e+02,
            2.09693878e+02, 2.06286850e+02, 2.07047073e+02,
            2.06261124e+02, 2.08500290e+02, 2.08883652e+02,
            2.07649445e+02, 2.06988220e+02, 2.08922852e+02,
            2.57758820e+02, 2.57474487e+02, 2.54594482e+02,
            2.53928360e+02, 2.54476196e+02, 2.56404572e+02,
            2.53951950e+02, 2.56403046e+02, 2.54878601e+02,
            3.01489777e+02, 3.01971283e+02, 3.04117035e+02,
            3.05142120e+02, 3.04903320e+02, 3.04638519e+02,
            3.02062378e+02, 3.01246277e+02, 3.04617371e+02,
            3.50952332e+02, 3.49557404e+02, 3.51990570e+02,
            3.49159851e+02, 3.51133728e+02, 3.50604553e+02,
            3.53546295e+02, 3.53152527e+02, 3.51280304e+02,
            4.00736969e+02, 3.99059357e+02, 3.99519348e+02,
            4.01092773e+02, 3.97687073e+02, 3.99392609e+02,
            3.98618164e+02, 4.00954315e+02, 3.97242554e+02,
            4.48553894e+02, 4.47832794e+02, 4.47723145e+02,
            4.46845825e+02, 4.47388794e+02, 4.46998108e+02,
            4.44577301e+02, 4.46433563e+02, 4.47973602e+02,
            4.46982941e+02, 4.00290314e+02, 3.52542236e+02,
            3.02909302e+02, 2.55300705e+02, 2.07650009e+02,
            1.59342056e+02, 1.14736916e+02, 6.34212723e+01,
            4.45284119e+02, 3.97848572e+02, 3.51832703e+02,
            3.01884613e+02, 2.55365173e+02, 2.07756470e+02,
            1.59420074e+02, 1.11814041e+02, 6.58446426e+01,
            4.46530670e+02, 3.97045380e+02, 3.51097595e+02,
            3.03979004e+02, 2.58336975e+02, 2.06177261e+02,
            1.61859848e+02, 1.14296074e+02, 6.60156555e+01,
            4.47774261e+02, 4.01143463e+02, 3.52980133e+02,
            3.02597473e+02, 2.56500885e+02, 2.09338120e+02,
            1.62709320e+02, 1.14358490e+02, 6.35787048e+01,
            4.45275940e+02, 3.99453827e+02, 3.52837402e+02,
            3.02644684e+02, 2.53904770e+02, 2.09384369e+02,
            1.59922867e+02, 1.14403595e+02, 6.78324585e+01,
            4.48318909e+02, 3.97403992e+02, 3.52478668e+02,
            3.05049194e+02, 2.57619965e+02, 2.09243729e+02,
            1.59069321e+02, 1.10982002e+02, 6.55317307e+01,
            4.46834717e+02, 3.96684235e+02, 3.50761322e+02,
            3.04263245e+02, 2.54503754e+02, 2.07416275e+02,
            1.59126266e+02, 1.12302704e+02, 6.54265289e+01,
            4.45226807e+02, 4.00793152e+02, 3.53518280e+02,
            3.04739258e+02, 2.56079437e+02, 2.09924820e+02,
            1.63136902e+02, 1.13795731e+02, 6.41399078e+01,
            4.46518616e+02, 3.97187408e+02, 3.50179810e+02,
            3.05905731e+02, 2.54110504e+02, 2.09556351e+02,
            1.59204880e+02, 1.14318359e+02, 6.78325272e+01 ]
    },
    "Radius": 2.0,
    "Rz": 0.0
}
